7642061063495748894
7660683651004337421
7645440276693126422
7657873431651732758
7656852039993183510
7657918898813078802
7652104533404945677
7656860680670203169
7650946759283215646
7653099502991101205
7652627992077798669
7655370655998987553
7653609798897765663
7653825258964700424
7651952838691638560
7652876151462890768
7652329179517619478
7651283122134273294
7637125412098723102
7629744150019181857
7651237687638101270
7633292631384132894
7633485005850774817
7650461435511704845
7648875506137435400
7649367800091364629
7641810681246862610
7630930115794324768
7647666510755908872
7640990469052468482
7641425136540831007
7641269116766080276
7647161577057258775
7646798304549817614
7645507008828804383
7645777424940125473
7646075689845787917
7644331049660583169
7644642309602102561
7644251611757301025
7643730327243984148
7643206341984554256
7643157671033572641
7642115016010812692
7630430179915091218
7622618349574294806
7624201278167584032
7635579955358829832
7625984061479144717
7639667463126404374
7639793885929164045
7639888240501198112
7639431117107367181
7633576757433486606
7637338629265722654
7631913497839930646
7631259745642499350
7634485291092430102
7628752429890276640
7628997440825429266
7629007693885361422
7630253909973650709
7629318516524748053
7622450857321221389
7623749656870210834
7626816841087847710
7613815525256301837
7625026499464154382
7622119522190871815
7593437874930978078
7594565906450222366
7599406250719235360
7595257984083709206
7608635829426146582
7618900863658429717
7618386619627752722
7618407378777787661
7614655984241364246
7603499121563028749
7617888084201327885
7616180405284162847
7617512382893493518
7617057494900198678
7605450195526094111
7616921279412620557
7616791032654597378
7616663547681983774
7612281348467739926
7614254697058225421
7614524799255055629
7613844774423940374
7609921327218085150
7613023501217320214
7592375872947145987
7613255441677700382
7601932234043460878
7612708181004799263
7604417419360161046
7612213278315482390
7613098103595339030
7585264974289800468
7585207185433496845
7612083840839929119
7612327963626851597
7606837728252005662
7608714085512908062
7594560826892225800
7609037966991772936
7608751567696563486
7608316478504389919
7608597538744159518
7602025336204758303
7605633038231325982
7607906396184513814
7607617116786756877
7606039842664828182
7606308386384432404
7606396111938522398
7606428043896278304
7604938594481933582
7603051002660408590
7603802867664751902
7604221131918183710
7603486292990627094
7599778027555294495
7602359939008384263
7600904220174273823
7590872004081847566
7599181010101718286
7597699467277536530
7595727541554416951
7586428456326401294
7593541898535537927
7592791599806024973
7594558672802548994
7591827763875613974
7591629476916694302
7592030227304385823
7591855167037820182
7591679872355831070
7584108121975459102
7586344805140090132
7559295708457618743
7578702472126926094
7569059023400504631
7581152180174966030
7580693381173595406
7569294764864965910
7574860360533036310
7576356097292946691
7575580085839744278
7574487443957763383
7562502266708692246
7574219260063517965
7573466102248803605
7571859380132416790
7573332325447060791
7573795117237046558
7573394191175273759
7568686671085014293
7550475994725895442
7568624108284415250
7571087492615507220
7556182394089245959
7565135193774902550
7571618689200459039
7569597765416914199
7569893188819766549
7539210056659668237
7537776583952600325
7455881209004969221
7568493332427443478
7566703900594801922
7566399729781706039
7564734147827371286
7545732484302949652
7559005395713314079
7559844873055046968
7561374639746829598
7555393044111953208
7561711389350300983
7558078827071556895
7555145507065122079
7555185685255163167
7558796823180184853
7543473037056740629
7559707358499278098
7556740461763808543
7558064576516951304
7540299525336894742
7549005066720660766
7555096225393954069
7555071429281336598
7551688324579151126
7547391328125078839
7554588506811534623
7555035932986969366
7554418457782013206
7546803641072586039
7553639299711864086
7552922697798339871
7550065077404175639
7546661912163978509
7552506266266897680
7551042324738985238
7524813453979143479
7550381647510752542
7550326480505490708
7521396720798944543
7548630183650118942
7548893216188288278
7531458994632658197
7546698787419393287
7545838344211582228
7543746277666852103
7545816955949812997
7546552331521789189
7545545079834807583
7544363475569626390
7543738125202312462
7542894478055525645
7540973256426163458
7540370187355196694
7538061178568822071
7534269285342989588
7536419937242352927
7535868615107546390
7535528104828194070
7534722301925887254
7534000499318623502
7532514123741973793
7531697158920080662
7532167695245053201
7531080974667451654
7511985167737589035
7531355629294849298
7525166126423133453
7529975737445633335
7529568441385143582
7529184218451021078
7519037143495347478
7522451526766333192
7508782753102564630
7528166523526073630
7528731732598672647
7528290383713881366
7526230941589720351
7527043606201339169
7526080552659684614
7525210933916880133
7525569168461008184
7522219955861900549
7524408699260046598
7524750002007182614
7502833936700165394
7492836279860727062
7524141669357194518
7509052540986641707
7507290411904372014
7522488363971022110
7512171484345928982
7522277994769976584
7513462985206123806
7512926751291460895
7522029526382103829
7521271221791624470
7517012570738330902
7519588329604664598
7521281030033067294
7521446454594931990
7520350455948414238
7519405905394306312
7504345898676145439
7517269528158539030
7515003684695182634
7517993919284579591
7516565911671688504
7512805141083409671
7509384778186050823
7499954738100833567
7515895190427569416
7502266042941476139
7514323956250234118
7514384049931111702
7515093951112629535
7514367118817709330
7513942756486663454
7515703476211518742
7515604096557108488
7515152197370383624
7513967777695141150
7510347684562160918
7514272491125132550
7513197816118775062
7511931005930999086
7511631631984233750
7511615051728489751
7510399095039593748
7505539046249188615
7500963915740761362
7509170529983532310
7508361491679055126
7505811156540394795
7507241068623154454
7506270315107093783
7504641085482798344
7504254102784724279
7503697518291619102
7489456872769080598
7503825087355702550
7503757329179888918
7495778476360797462
7494074325192936734
7496866798457916694
7494348186526469383
7500532129453903112
7501799741920005383
7486198487105801494
7486206063948107030
7501070153216494870
7500651608590617878
7499919229441821974
7488364995328183574
7498637957524409606
7497043515336150303
7498325882319244552
7497844430154583304
7497404854181039383
7497214135415901462
7493994858227485974
7493214006321122562
7493586647540337942
7493405179383942407
7492361184822168839
7474639728222932232
7473686734648167702
7489488494100876576
7488312894455631159
7488971714408353079
7487614779465403670
7484341265140682039
7484075841408945454
7484654242943290666
7484311879687392558
7478986203325402390
7483978905443962167
7480293422008519958
7480918545682025750
7479155022270336274
7483124031793745174
7480946583304047894
7481466291161746734
7480603318859861291
7458278324809338144
7479864842136898822
7473927955614338326
7480287604420709654
7479136495534656790
7476511801786633494
7475025977907678486
7447852775502859552
7466120298069380374
7454242681435229472
7472451667976293662
7462835630406470944
7478794748073987350
7479589195858742574
7477716006056643862
7459477448430783761
7479772497370647810
7479158288043593002
7478787645703720198
7473075041819725064
7476815669569260808
7476972084934036758
7476096050860805382
7478124339536170271
7478079307584130346
7478435273827781890
7475441984132369669
7479091062120746295
7478396452532653320
7478075046439701766
7473556966044863766
7478017071838825774
7476920538644892958
7476551181699960095
7476391907795488008
7462153120261377322
7464408992228314400
7476589303758359830
7476464827519503659
7476539503553940758
7475780663430614327
7476772963337948438
7476959794335714603
7474254131964808470
7474628988456144130
7471703616064064790
7470572368172289302
7474869729107234091
7475056691403377942
7474917857709624631
7464541548496162055
7474697048965582102
7474339236523691286
7474608416590155030
7470653251931721002
7465655905934167329
7472204697365957904
7470407462517034286
7454937995225861409
7456123750992334123
7469116374615346454
7472585340402863367
7471548385972014391
7469711307403578646
7472258727945456939
7466259309656313134
7471600021285227798
7471022741118913797
7470605372961590550
7464302229743226144
7470152779583982881
7469821696367774982
7470217673788394760
7470188416206949654
7469228215945415954
7469812353228606766
7465365335416392982
7469256836252699934
7456853448164691205
7468746693224287531
7467169980291828998
7451736353785531653
7467902297712889093
7468245669430512928
7457122486107245831
7465323778269138193
7465720982544682247
7446951889037446407
7467588707282079022
7464996007143558433
7450580228478356766
7467239381498170646
7467248433624059178
7466785991664094481
7465118775986228503
7466847907266727214
7466085905485434158
7466455213633834273
7452657377800686870
7466218159125712174
7452918793053031726
7466846004118261015
7465690546309188886
7454074197296598318
7434707732646743303
7465362958965673259
7465723165772221726
7465671955866193174
7463501024695733509
7464671714287389974
7446804016455011606
7459791743098047749
7103499765756759301
7464389315104230702
7464481311542168850
7464930698692988182
7464039162518244638
7439458926791347486
7446834156304174358
7462277615978564895
7442833258104081720
7454896302564937006
7452378630249778438
7463593315447999749
7462407858802412832
7460232133131439391
7463250311562546462
7461659472549645590
7462933578632924458
7463620035550973227
7463561881995742486
7462649827034254614
7462407457231424790
7461761385655979295
7462694257522920726
7454976703186701600
7462339371212000519
7462770214485134597
7454842754703625494
7437253363307138312
7457999637526498590
7444739401420164353
7459119869926165790
7457612920994696470
7457670433752517910
7447632814322781473
7457845192587087126
7447460425572044065
7443830807170403616
7457831956244483346
7457297253338828075
7449088344622910752
7436480226030357792
7435982843282590994
7457356262615911723
7456640079335902506
7456933051898039574
7449206205848800542
7455017240598039851
7434999123675221278
7454685244378139935
7437018367250205970
7449161068825300257
7454377008831728938
7442281692485651734
7429278295478340880
7448189746125360404
7445840795837402390
7432094589852454176
7449877855820959022
7450584135585910049
7445017056879136030
7436427325740240170
7440428489150401808
7437504183730818336
7449360633063165216
7448757897229585710
7449667545512070421
7448045578266676511
7448839868769193221
7448799085470977285
7449099975289523489
7448715124946308360
7445192967171640598
7442705376132353313
7448391557645896962
7447567560406600993
7433131709719203118
7447219052642094358
7438592128923503904
7445044316059258134
7445384086186773791
7444214213142187295
7444197698359807250
7439355546894978337
7433995433963310379
7421536222889168170
7444420236293541127
7435665834581789970
7444343727277182231
7443865151096360225
7443168076507385110
7441051544830627103
7441574524707032376
7420134724129115435
7437982885803527467
7440573871859731745
7427890819421556001
7438591801658740000
7438846429755395336
7438979356527037728
7421746949902175520
7439639698370415880
7425368514631961899
7438081775567457568
7436418709100432672
7419037256326941983
7428135472578235653
7435994786680589586
7433149218958724357
7434598527776329015
7434937333272808750
7434182090343714080
7429716258360184097
7413406077674425605
7407428203763076382
7424284636672445702
7425599656136117534
7413322231234792735
7429131063529819438
7414992657094692128
7400180416423972129
7426364582781799723
7424967175745686789
7424195227847527712
7419429900173495582
7420225367429926174
7420848050895129888
7424214978296663327
7413788506838813985
7412895654680284421
7419293245747858720
7420425753218632993
7411165022379937056
7421624523138632993
7419024208568667424
7413809498982305056
7413075905603521798
7410506116456533281
7415383028647644448
7417059959994731783
7402687023129120006
7417522395830947115
7415288571000524065
7413538541986254123
7397911918477905194
7414262239231888686
7400828759642869025
7408607862190116129
7414903928980081950
7395912581606591776
7403652456585973024
7400830854143986950
7388909456874097952
7393030338718616837
7414173287711788321
7408283200570592517
7411525973801192734
7413789621638745377
7381576409879170335
7389351255665036575
7409695841394445611
7412731685474733345
7403407374486228254
7413128266170518814
7411664148574096682
7386401463582362885
7405651663148551470
7383976365797690642
7402259781886512417
7409047612134821152
7411711591453904134
7409201366620491016
7393414936019488033
7400416344170155306
7411631325427322143
7403394028131110177
7410400529580313873
7410396255630658859
7391568465838099718
7387092047720713514
7389681754023546154
7381198187870194977
7411990017423183147
7403565968837872901
7411593775698447621
7403664664464198944
7411376079321009450
7405026627320663326
7410008480599362849
7407075099104365856
7403049256241696033
7409963703073819936
7391957330788650273
7400378583895592224
7391122900448791840
7403374710089600289
7401183481746787627
7398799703434939680
7393400638727654689
7381112763340393771
7392305539906096417
7397420558167674143
7396616043159899425
7394473684670385414
7391931158067563809
7394507124396526881
7387677943297789202
7367031699831672096
7390747835752402209
7293257351912508705
7388928368969878790
7389617233372171553
7380528984443882795
7389282703339719969
7388150098494000417
7383735034466897198
7386035753505082630
7385142141594455338
7383279764162743568
7369249153286688032
7186333908424822062
7375149098883616005
7369143048803994885
7375518840739908869
7376400276107824391
7379597152055561473
7376780866732723502
7378948556377410849
7380353090811153696
7378942159786953989
7352787466811755782
7379295644080459040
7356662288805449006
7366034080158338322
7363283682481769744
7375918045891448106
7368391324678065415
7377364074281045280
7376320027248659758
7345942248808271136
7375956081878617377
7376421208692116742
7362111199162404114
7366661576453098784
7374875857791290642
7354081287163972895
7368154387539135761
7366987623665028369
7373844398150405418
7351124447144709409
7371066212396141840
7369864953701895457
7368188064872680709
7351809358960921862
7370443138957184298
7351770706268507425
7368708776393821486
7353360505328635168
7364789464209689888
7360343512858004742
7356767150268337414
7355652156613004586
7364097967743126815
7355413502963502344
7363485077482851591
7363270209823608107
7360414418242424069
7359637732831825184
7332635839836540192
7352521177509809438
7354422577277701406
7353233322622897413
7359224846917602566
7354999480208411934
7358848385408945450
7356593741626395946
7352192106057698602
7350461263048166699
7351937547276127530
7335419438730136834
7336352614243716353
7349616987431079200
7348795351408610593
7347684591127383342
7327469644028202245
7349133335152659744
7330039643582319915
7331325535043210504
7346298229392182560
7338052250763316523
7343822122730458399
7327595506396335367
7327365615725972769
7329156768452381985
7337068401505930538
7316768123498138922
7328681561975541025
7346290829570395424
7330593023564205344
7339998658328284458
7346189419856071968
7345902980115336490
7346086040177773842
7339331884142382367
7342481114298125573
7344810761035730209
7340204021442956551
7331099355920862506
7332529411884911918
7336114090944826631
7337388802870185259
7336823402663103786
7333616921994202411
7336974588171046190
7339140752057847072
7339853265980427528
7341996163496742150
7340729475618884895
7340467248592735530
7340078208265604385
7339137839117896993
7325202246612946182
7339604434911038762
7332141338726599979
7333510476732681479
7337922205826829611
7333914486623030534
7332261166174981419
7325484370750344481
7337031363943501088
7319973043906956587
7322225961494334766
7324290940137409797
7322892845331893537
7326573331136679198
7299171137416744225
7326447913033420053
7317673981719497990
7310733753318378784
7293909038796967201
7295732845249694982
7320194992662760722
7325097698418232608
7325085197408488737
7322989928541932842
7317856994143096106
7316814446616186155
7320758719518690593
7325711824777776417
7317108066749648170
7324573189206576386
7326223951204535584
7316556552968752402
7319894163749604641
7321779178146106666
7322138412251647275
7301212907059039489
7322537995804970246
7322771261053013254
7322263255567633669
7314430305203473710
7306921302546238725
7319711100524662059
7322778981202267400
7319070401462668546
7303211132381072670
7286793529609719041
7316998890647981345
7315835063852125473
7316547636746521889
7315020877928615200
7316216046732463393
7315859827257904430
7307896223501929760
7312026049733250337
7311467521259932971
7310654751169842465
7125450518050164011
7307014396780219654
7309516987149978923
7307681756239383840
7309259949241060613
7309129401323605281
7309048709382212906
7308439710781820178
7308469160885964038
7307517742205259010
7306186334178233602
7295101335962127648
7287621091885960454
7306284676174433568
7303114559403887905
7293863271109578016
7242758793656798507
7303672168053886251
7302477087917739310
7303398877451930923
7303929257946926366
7303636431250001184
7298057341021326623
7293115439717158177
7300995277308038432
7299863267160182046
7299578837954792734
7269567109770808618
7299519617494420779
7299320200027966762
7267657638127619371
7270734653500181765
7291689732839378218
7272740301029051691
7298520884489260294
7295851546825362734
7296119299884862750
7286638104042048800
7294219420291943722
7295562342484413738
7295483332027010334
7292086693438524678
7284540845485870369
7293809339880525063
7289466682471353606
7288372737372867873
7284477508932701483
7270913611491446059
7291433267331452193
7290589899495902496
7279440832233573633
7287619077688855840
7268352775459835178
7290981053399944494
7281039420931837216
7291011405988236586
7259857293024480555
7290031575754984710
7264582480202616070
7288510310485396766
7288552063477353774
7289119831725591840
7264548093322988832
7288695578781928736
7288081907693210923
7280990884487892256
7268791318296448302
7274340565167197473
7285375701627178272
7269054964222151968
7282351002462752032
7281306594833599786
7280672792603888939
7263599846815255813
7255906042641534251
7279540011853221152
7272916436115328264
7270945709032033579
7276577473322749230
7261280419734179090
7267617582000196897
7258939076353494274
7276374319213645064
7270178515415305504
7275042626334657798
7267220752909225248
7274261622074445089
7264106672346451202
7266494093524536608
7265033543343000865
7271325896437435681
7256315616758402322
7258377718411037979
7274647558352325920
7270165080635985157
7271584750047874336
7269391933661793538
7252241531623492865
7268342239552671008
7263948045606276384
